100 28
101 38
102 58
103 45
104 71
105 90
106 72
107 114
108 125
109 148
110 162
111 189
112 244
113 232
114 273
115 345
116 397
117 487
118 475
119 656
120 723
121 799
122 946
123 1010
124 1142
125 1354
126 1467
127 1545
128 1711
129 1685
130 1739
131 1805
132 1743
133 1742
134 1810
135 1769
136 1646
137 1739
138 1655
139 1669
140 1563
141 1552
142 1462
143 1510
144 1429
145 1351
146 1297
147 1217
148 1194
149 1097
150 1127
151 1063
152 1077
153 1012
154 1011
155 1046
156 1095
157 1304
158 1422
159 1675
160 1965
161 2290
162 2722
163 3176
164 3525
165 3876
166 4332
167 4906
168 5244
169 5534
170 5857
171 6074
172 6465
173 6567
174 6535
175 6787
176 6848
177 7006
178 6928
179 6773
180 6820
181 6956
182 6751
183 6749
184 6557
185 6681
186 6727
187 6648
188 6541
189 6393
190 6408
191 6295
192 6326
193 6174
194 6261
195 6294
196 6250
197 6151
198 6280
199 6274
200 6197
201 6090
202 6244
203 6105
204 6008
205 5997
206 5957
207 6108
208 6151
209 6307
210 6334
211 6388
212 6564
213 6499
214 6549
215 6583
216 6560
217 6429
218 6356
219 6145
220 6218
221 6296
222 6183
223 6183
224 6216
225 6365
226 6416
227 6339
228 6440
229 6420
230 6683
231 6651
232 6985
233 6866
234 6845
235 6997
236 6916
237 6897
238 6859
239 7027
240 7070
241 6935
242 7037
243 7109
244 7145
245 7311
246 7269
247 7386
248 7437
249 7410
250 7593
251 7731
252 7770
253 7701
254 7838
255 7900
256 8109
257 8057
258 8320
259 8391
260 8366
261 8402
262 8636
263 8780
264 8783
265 8835
266 8861
267 8937
268 9241
269 9148
270 9065
271 9182
272 9370
273 9199
274 9515
275 9467
276 9259
277 9110
278 9379
279 9231
280 9418
281 9400
282 9078
283 9176
284 9103
285 8859
286 8825
287 8573
288 8657
289 8717
290 8397
291 8248
292 8046
293 7825
294 7625
295 7382
296 7236
297 7045
298 7034
299 6799
300 6353
301 6240
302 6272
303 5867
304 5585
305 5462
306 5173
307 5042
308 4814
309 4655
310 4542
311 4286
312 4054
313 3917
314 3771
315 3533
316 3450
317 3256
318 3236
319 2990
320 2943
321 2672
322 2653
323 2498
324 2375
325 2337
326 2197
327 2033
328 1964
329 1838
330 1800
331 1602
332 1524
333 1503
334 1375
335 1350
336 1243
337 1122
338 1122
339 1014
340 971
341 893
342 782
343 826
344 716
345 682
346 662
347 544
348 536
349 516
350 441
351 414
352 417
353 380
354 322
355 328
356 279
357 288
358 258
359 207
360 189
361 177
362 165
363 144
364 144
365 148
366 146
367 114
368 150
369 116
370 88
371 84
372 79
373 91
374 76
375 69
376 66
377 61
378 48
379 54
380 54
381 49
382 43
383 44
384 56
385 41
386 41
387 42
388 40
389 45
390 41
391 25
392 36
393 37
394 34
395 24
396 19
397 29
398 32
399 45
400 17
401 26
402 27
403 18
404 18
405 23
406 24
407 25
408 23
409 20
410 24
411 23
412 17
413 21
414 14
415 17
416 16
417 18
418 14
419 19
420 21
421 20
422 16
423 15
424 13
425 19
426 19
427 13
428 12
429 23
430 18
431 13
432 18
433 23
434 17
435 17
436 13
437 21
438 15
439 25
440 18
441 15
442 14
443 13
444 17
445 19
446 21
447 15
448 25
449 15
450 17
451 11
452 12
453 15
454 17
455 21
456 15
457 18
458 23
459 23
460 21
461 13
462 7
463 16
464 19
465 15
466 17
467 15
468 20
469 14
470 14
471 16
472 12
473 16
474 27
475 13
476 14
477 14
478 18
479 17
480 18
481 14
482 17
483 17
484 17
485 19
486 8
487 18
488 12
489 13
490 16
491 13
492 20
493 20
494 19
495 16
496 12
497 14
498 13
499 19
500 18
501 12
502 13
503 6
504 27
505 18
506 18
507 10
508 15
509 13
510 12
511 15
512 16
513 17
514 8
515 14
516 15
517 13
518 10
519 9
520 14
521 16
522 17
523 10
524 13
525 13
526 15
527 11
528 10
529 16
530 13
531 6
532 12
533 12
534 16
535 12
536 8
537 17
538 9
539 11
540 12
541 13
542 13
543 10
544 14
545 17
546 8
547 11
548 7
549 12
550 10
551 17
552 12
553 9
554 13
555 13
556 18
557 10
558 14
559 15
560 11
561 13
562 10
563 8
564 16
565 11
566 11
567 10
568 8
569 8
570 5
571 14
572 15
573 9
574 14
575 10
576 9
577 11
578 11
579 10
580 17
581 14
582 6
583 9
584 10
585 18
586 16
587 12
588 10
589 8
590 16
591 10
592 14
593 15
594 13
595 10
596 9
597 11
598 16
599 16
600 14
601 10
602 10
603 11
604 8
605 6
606 10
607 9
608 9
609 10
610 14
611 5
612 10
613 12
614 14
615 8
616 7
617 7
618 5
619 9
620 6
621 7
622 11
623 7
624 7
625 11
626 9
627 5
628 12
629 8
630 12
631 6
632 9
633 5
634 8
635 12
636 16
637 9
638 4
639 7
640 8
641 5
642 6
643 5
644 3
645 12
646 10
647 7
648 12
649 12
650 3
651 5
652 5
653 11
654 7
655 6
656 8
657 9
658 4
659 5
660 10
661 9
662 3
663 5
664 7
665 8
666 5
667 5
668 7
669 6
670 6
671 3
672 3
673 8
674 3
675 7
676 5
677 3
678 4
679 5
680 6
681 6
682 4
683 4
684 7
685 2
686 4
687 3
688 6
689 2
690 5
691 2
692 4
693 6
694 2
695 10
696 5
697 6
698 7
699 4
700 0
701 1
702 7
703 3
704 4
705 5
706 7
707 6
708 5
709 0
710 4
711 4
712 3
713 7
714 4
715 1
716 5
717 4
718 1
719 4
720 4
721 2
722 5
723 2
724 4
725 4
726 1
727 2
728 1
729 1
730 1
731 5
732 6
733 2
734 1
735 2
736 2
737 3
738 0
739 1
740 4
741 2
742 4
743 4
744 1
745 3
746 6
747 3
748 2
749 1
750 3
751 1
752 0
753 3
754 5
755 5
756 2
757 1
758 6
759 3
760 4
761 4
762 3
763 1
764 4
765 2
766 4
767 1
768 2
769 1
770 1
771 1
772 3
773 3
774 0
775 1
776 1
777 1
778 5
779 0
780 0
781 2
782 4
783 5
784 1
785 0
786 2
787 3
788 0
789 1
790 2
791 2
792 3
793 1
794 1
795 2
796 2
797 1
798 1
799 2
800 2
801 1
802 2
803 1
804 0
805 3
806 1
807 0
808 3
809 0
810 0
811 1
812 3
813 0
814 3
815 1
816 4
817 1
818 1
819 3
820 1
821 2
822 3
823 2
824 2
825 0
826 1
827 2
828 0
829 1
830 2
831 0
832 2
833 1
834 1
835 2
836 3
837 2
838 0
839 0
840 2
841 3
842 3
843 1
844 1
845 2
846 2
847 0
848 0
849 1
850 1
851 2
852 1
853 1
854 0
855 1
856 2
857 2
858 1
859 2
860 1
861 1
862 0
863 1
864 3
865 0
866 1
867 0
868 3
869 3
870 3
871 2
872 1
873 2
874 0
875 0
876 2
877 1
878 2
879 1
880 1
881 2
882 0
883 2
884 1
885 1
886 0
887 0
888 1
889 2
890 1
891 2
892 3
893 2
894 0
895 2
896 1
897 1
898 0
899 0
900 1
901 1
902 1
903 1
904 2
905 2
906 1
907 3
908 0
909 2
910 2
911 1
912 2
913 0
914 0
915 1
916 1
917 2
918 0
919 2
920 0
921 4
922 2
923 0
924 1
925 0
926 0
927 0
928 1
929 1
930 0
931 0
932 3
933 1
934 4
935 1
936 1
937 2
938 1
939 0
940 1
941 0
942 0
943 0
944 0
945 0
946 1
947 3
948 3
949 1
950 3
951 1
952 1
953 1
954 1
955 2
956 2
957 1
958 1
959 3
960 1
961 2
962 2
963 0
964 1
965 0
966 0
967 0
968 0
969 1
970 0
971 3
972 3
973 1
974 1
975 0
976 0
977 3
978 1
979 1
980 1
981 2
982 0
983 1
984 4
985 1
986 1
987 0
988 1
989 0
990 2
991 1
992 0
993 3
994 0
995 1
996 1
997 0
998 3
999 1
