100 63
101 73
102 77
103 78
104 79
105 107
106 97
107 138
108 141
109 136
110 178
111 179
112 187
113 216
114 214
115 236
116 244
117 270
118 312
119 331
120 367
121 400
122 412
123 461
124 535
125 607
126 626
127 697
128 711
129 749
130 793
131 778
132 812
133 786
134 739
135 774
136 770
137 783
138 736
139 743
140 714
141 707
142 675
143 629
144 652
145 655
146 652
147 635
148 585
149 582
150 583
151 544
152 561
153 516
154 532
155 505
156 548
157 549
158 565
159 576
160 611
161 621
162 692
163 752
164 809
165 930
166 935
167 1073
168 1074
169 1205
170 1166
171 1225
172 1336
173 1354
174 1413
175 1413
176 1468
177 1424
178 1425
179 1432
180 1427
181 1387
182 1452
183 1421
184 1366
185 1369
186 1363
187 1314
188 1350
189 1346
190 1376
191 1324
192 1280
193 1246
194 1355
195 1360
196 1397
197 1451
198 1416
199 1394
200 1464
201 1427
202 1371
203 1536
204 1409
205 1452
206 1443
207 1475
208 1615
209 1539
210 1630
211 1673
212 1696
213 1689
214 1698
215 1703
216 1743
217 1712
218 1760
219 1762
220 1754
221 1611
222 1712
223 1690
224 1727
225 1747
226 1700
227 1656
228 1721
229 1623
230 1652
231 1673
232 1578
233 1563
234 1544
235 1500
236 1417
237 1340
238 1345
239 1236
240 1194
241 1125
242 1153
243 1038
244 1072
245 959
246 982
247 857
248 854
249 814
250 781
251 770
252 769
253 750
254 686
255 598
256 649
257 603
258 654
259 552
260 520
261 508
262 502
263 486
264 422
265 426
266 414
267 408
268 358
269 365
270 339
271 332
272 305
273 297
274 288
275 287
276 285
277 256
278 268
279 220
280 247
281 218
282 199
283 202
284 221
285 221
286 193
287 187
288 188
289 185
290 220
291 200
292 179
293 191
294 184
295 165
296 173
297 175
298 192
299 169
300 178
301 167
302 176
303 203
304 165
305 191
306 188
307 164
308 182
309 180
310 178
311 161
312 191
313 179
314 155
315 162
316 162
317 142
318 172
319 174
320 180
321 181
322 156
323 177
324 159
325 143
326 179
327 199
328 164
329 171
330 169
331 171
332 149
333 177
334 162
335 207
336 169
337 160
338 170
339 185
340 170
341 165
342 171
343 177
344 167
345 178
346 171
347 152
348 181
349 166
350 177
351 148
352 163
353 184
354 156
355 184
356 184
357 158
358 174
359 187
360 184
361 172
362 172
363 170
364 171
365 185
366 179
367 190
368 159
369 150
370 179
371 150
372 170
373 172
374 162
375 179
376 196
377 160
378 191
379 196
380 197
381 193
382 179
383 171
384 188
385 177
386 150
387 176
388 161
389 186
390 193
391 142
392 183
393 173
394 195
395 170
396 218
397 185
398 176
399 181
400 169
401 185
402 185
403 203
404 160
405 183
406 175
407 207
408 174
409 206
410 193
411 199
412 205
413 192
414 192
415 190
416 190
417 180
418 193
419 189
420 199
421 199
422 158
423 193
424 200
425 198
426 170
427 200
428 197
429 214
430 217
431 185
432 198
433 202
434 172
435 207
436 225
437 230
438 194
439 219
440 204
441 213
442 204
443 218
444 212
445 241
446 220
447 218
448 212
449 228
450 215
451 233
452 235
453 222
454 212
455 205
456 238
457 245
458 256
459 238
460 220
461 230
462 211
463 252
464 198
465 210
466 237
467 229
468 227
469 262
470 251
471 248
472 264
473 281
474 240
475 234
476 246
477 255
478 287
479 241
480 261
481 257
482 259
483 267
484 280
485 275
486 284
487 291
488 267
489 278
490 292
491 280
492 327
493 272
494 291
495 271
496 325
497 312
498 295
499 298
500 318
501 279
502 308
503 320
504 301
505 320
506 320
507 277
508 310
509 282
510 336
511 308
512 331
513 308
514 294
515 362
516 294
517 300
518 313
519 298
520 284
521 321
522 287
523 299
524 304
525 320
526 322
527 289
528 249
529 274
530 281
531 250
532 309
533 254
534 253
535 289
536 257
537 274
538 296
539 271
540 232
541 255
542 223
543 230
544 239
545 233
546 242
547 218
548 215
549 200
550 231
551 205
552 214
553 203
554 204
555 168
556 169
557 175
558 175
559 156
560 170
561 155
562 129
563 176
564 140
565 148
566 130
567 119
568 108
569 112
570 123
571 102
572 115
573 113
574 112
575 93
576 98
577 94
578 83
579 97
580 67
581 92
582 87
583 77
584 58
585 71
586 63
587 64
588 57
589 49
590 61
591 51
592 61
593 52
594 51
595 76
596 46
597 54
598 56
599 44
600 50
601 41
602 46
603 35
604 42
605 39
606 39
607 31
608 32
609 27
610 37
611 33
612 29
613 28
614 28
615 25
616 22
617 24
618 21
619 24
620 24
621 16
622 34
623 27
624 19
625 20
626 25
627 30
628 18
629 21
630 17
631 18
632 14
633 19
634 20
635 23
636 18
637 18
638 9
639 13
640 9
641 13
642 10
643 9
644 11
645 17
646 8
647 11
648 9
649 19
650 15
651 14
652 10
653 15
654 13
655 11
656 11
657 12
658 10
659 11
660 14
661 8
662 7
663 10
664 11
665 9
666 10
667 6
668 9
669 13
670 14
671 12
672 4
673 13
674 11
675 6
676 13
677 6
678 8
679 8
680 4
681 5
682 5
683 6
684 7
685 5
686 9
687 8
688 8
689 5
690 6
691 2
692 6
693 4
694 8
695 2
696 5
697 8
698 5
699 3
700 4
701 4
702 4
703 3
704 6
705 1
706 6
707 1
708 4
709 4
710 1
711 2
712 6
713 1
714 3
715 6
716 2
717 6
718 2
719 0
720 3
721 1
722 6
723 3
724 3
725 2
726 5
727 1
728 2
729 6
730 0
731 2
732 1
733 1
734 3
735 2
736 1
737 0
738 0
739 0
740 0
741 2
742 0
743 0
744 1
745 1
746 1
747 1
748 0
749 2
750 0
751 1
752 2
753 2
754 3
755 0
756 0
757 1
758 0
759 0
760 1
761 0
762 1
763 1
764 0
765 0
766 1
767 1
768 0
769 0
770 0
771 0
772 1
773 0
774 0
775 0
776 2
777 1
778 0
779 0
780 0
781 1
782 0
783 1
784 0
785 0
786 0
787 0
788 1
789 0
790 1
791 0
792 0
793 1
794 0
795 0
796 0
797 0
798 0
799 0
800 0
801 0
802 1
803 0
804 0
805 0
806 0
807 0
808 0
809 0
810 0
811 0
812 0
813 1
814 1
815 0
816 0
817 0
818 1
819 0
820 0
821 0
822 0
823 0
824 0
825 0
826 0
827 0
828 1
829 0
830 0
831 0
832 0
833 0
834 1
835 0
836 0
837 0
838 0
839 1
840 1
841 0
842 0
843 0
844 0
845 0
846 0
847 0
848 0
849 0
850 0
851 1
852 0
853 0
854 0
855 0
856 0
857 0
858 0
859 0
860 1
861 0
862 0
863 0
864 1
865 0
866 1
867 0
868 0
869 0
870 0
871 0
872 0
873 0
874 0
875 0
876 0
877 0
878 0
879 0
880 0
881 0
882 0
883 0
884 0
885 0
886 0
887 0
888 0
889 0
890 0
891 1
892 0
893 0
894 0
895 0
896 0
897 0
898 1
899 0
900 0
901 0
902 0
903 0
904 0
905 1
906 0
907 1
908 1
909 0
910 0
911 0
912 0
913 0
914 0
915 0
916 0
917 0
918 1
919 0
920 0
921 1
922 1
923 0
924 0
925 0
926 0
927 0
928 0
929 0
930 0
931 0
932 0
933 0
934 1
935 1
936 0
937 0
938 0
939 0
940 1
941 0
942 0
943 0
944 0
945 0
946 0
947 0
948 0
949 0
950 0
951 0
952 0
953 0
954 0
955 2
956 1
957 0
958 0
959 0
960 0
961 0
962 0
963 0
964 0
965 2
966 0
967 0
968 0
969 0
970 0
971 0
972 1
973 0
974 0
975 0
976 0
977 1
978 0
979 0
980 0
981 0
982 0
983 1
984 0
985 0
986 0
987 1
988 0
989 0
990 0
991 0
992 0
993 0
994 0
995 1
996 2
997 0
998 0
999 0
